2000.00   4.9651757
2000.10   4.9702722
2000.20   4.9761152
2000.30   4.9826694
2000.40   4.9898894
2000.50   4.9977161
2000.60   5.0062070
2000.70   5.0152863
2000.80   5.0249003
2000.90   5.0351001
2001.00   5.0457224
2001.10   5.0568038
2001.20   5.0682737
2001.30   5.0801543
2001.40   5.0923952
2001.50   5.1048810
2001.60   5.1176619
2001.70   5.1306563
2001.80   5.1438270
2001.90   5.1571083
2002.00   5.1705239
2002.10   5.1840058
2002.20   5.1974408
2002.30   5.2109192
2002.40   5.2243344
2002.50   5.2376702
2002.60   5.2508375
2002.70   5.2638471
2002.80   5.2767047
2002.90   5.2892746
2003.00   5.3016084
2003.10   5.3135884
2003.20   5.3253091
2003.30   5.3366550
2003.40   5.3476316
2003.50   5.3581766
2003.60   5.3682803
2003.70   5.3779368
2003.80   5.3871227
2003.90   5.3958134
2004.00   5.4040162
2004.10   5.4116246
2004.20   5.4187139
2004.30   5.4252419
2004.40   5.4312055
2004.50   5.4365021
2004.60   5.4412009
2004.70   5.4453203
2004.80   5.4487797
2004.90   5.4516384
2005.00   5.4538288
2005.10   5.4553699
2005.20   5.4562689
2005.30   5.4564901
2005.40   5.4561156
2005.50   5.4550702
2005.60   5.4533482
2005.70   5.4510242
2005.80   5.4480377
2005.90   5.4443769
2006.00   5.4401885
2006.10   5.4353165
2006.20   5.4298497
2006.30   5.4237766
2006.40   5.4171630
2006.50   5.4099732
2006.60   5.4022113
2006.70   5.3939454
2006.80   5.3851534
2006.90   5.3758683
2007.00   5.3661412
2007.10   5.3559072
2007.20   5.3452919
2007.30   5.3342055
2007.40   5.3228225
2007.50   5.3110605
2007.60   5.2989680
2007.70   5.2866007
2007.80   5.2739486
2007.90   5.2611066
2008.00   5.2480430
2008.10   5.2348306
2008.20   5.2214549
2008.30   5.2079962
2008.40   5.1944707
2008.50   5.1809450
2008.60   5.1674989
2008.70   5.1540441
2008.80   5.1407129
2008.90   5.1275331
2009.00   5.1145438
2009.10   5.1017990
2009.20   5.0893061
2009.30   5.0771442
2009.40   5.0653414
2009.50   5.0538951
2009.60   5.0428537
2009.70   5.0322562
2009.80   5.0221881
2009.90   5.0126377
2010.00   5.0036097
2010.10   4.9951961
2010.20   4.9874041
2010.30   4.9802638
2010.40   4.9737429
2010.50   4.9679861
2010.60   4.9629097
2010.70   4.9585762
2010.80   4.9549980
2010.90   4.9521724
2011.00   4.9501393
2011.10   4.9488600
2011.20   4.9483951
2011.30   4.9487263
2011.40   4.9498066
2011.50   4.9517077
2011.60   4.9543561
2011.70   4.9577524
2011.80   4.9619737
2011.90   4.9668827
2012.00   4.9725279
2012.10   4.9788864
2012.20   4.9859313
2012.30   4.9935854
2012.40   5.0018967
2012.50   5.0108291
2012.60   5.0203497
2012.70   5.0303143
2012.80   5.0408570
2012.90   5.0518437
2013.00   5.0632064
2013.10   5.0750008
2013.20   5.0870940
2013.30   5.0995372
2013.40   5.1122269
2013.50   5.1251121
2013.60   5.1382158
2013.70   5.1514829
2013.80   5.1648417
2013.90   5.1783347
2014.00   5.1918108
2014.10   5.2053001
2014.20   5.2187130
2014.30   5.2320672
2014.40   5.2453036
2014.50   5.2583660
2014.60   5.2712338
2014.70   5.2839117
2014.80   5.2963684
2014.90   5.3085206
2015.00   5.3203518
2015.10   5.3318292
2015.20   5.3429470
2015.30   5.3536844
2015.40   5.3639671
2015.50   5.3737993
2015.60   5.3831947
2015.70   5.3920865
2015.80   5.4004735
2015.90   5.4083749
2016.00   5.4156722
2016.10   5.4224599
2016.20   5.4286055
2016.30   5.4342241
2016.40   5.4392332
2016.50   5.4436000
2016.60   5.4473072
2016.70   5.4504764
2016.80   5.4528951
2016.90   5.4547819
2017.00   5.4559289
2017.10   5.4564600
2017.20   5.4563299
2017.30   5.4555938
2017.40   5.4541839
2017.50   5.4521109
2017.60   5.4494319
2017.70   5.4460800
2017.80   5.4421290
2017.90   5.4375712
2018.00   5.4323696
