2000.00   9.1841435
2000.10   9.1761428
2000.20   9.1688013
2000.30   9.1614524
2000.40   9.1541192
2000.50   9.1467782
2000.60   9.1400189
2000.70   9.1327733
2000.80   9.1262141
2000.90   9.1199893
2001.00   9.1137582
2001.10   9.1075450
2001.20   9.1019944
2001.30   9.0961426
2001.40   9.0908940
2001.50   9.0853488
2001.60   9.0804689
2001.70   9.0755905
2001.80   9.0713747
2001.90   9.0667315
2002.00   9.0629558
2002.10   9.0587457
2002.20   9.0552043
2002.30   9.0516568
2002.40   9.0485166
2002.50   9.0460767
2002.60   9.0429700
2002.70   9.0405291
2002.80   9.0387562
2002.90   9.0368857
2003.00   9.0352143
2003.10   9.0335428
2003.20   9.0328746
2003.30   9.0319050
2003.40   9.0314698
2003.50   9.0308698
2003.60   9.0308698
2003.70   9.0309025
2003.80   9.0315381
2003.90   9.0322063
2004.00   9.0335428
2004.10   9.0346534
2004.20   9.0362175
2004.30   9.0382103
2004.40   9.0399881
2004.50   9.0424333
2004.60   9.0448803
2004.70   9.0479946
2004.80   9.0511111
2004.90   9.0542264
2005.00   9.0577391
2005.10   9.0617848
2005.20   9.0655605
2005.30   9.0700082
2005.40   9.0745879
2005.50   9.0794650
2005.60   9.0843460
2005.70   9.0898910
2005.80   9.0953161
2005.90   9.1009921
2006.00   9.1072049
2006.10   9.1132566
2006.20   9.1192341
2006.30   9.1258974
2006.40   9.1327437
2006.50   9.1398638
2006.60   9.1471811
2006.70   9.1544953
2006.80   9.1618247
2006.90   9.1698106
2007.00   9.1777966
2007.10   9.1857822
2007.20   9.1937678
2007.30   9.2024313
2007.40   9.2110878
2007.50   9.2197399
2007.60   9.2287330
2007.70   9.2378171
2007.80   9.2469244
2007.90   9.2563757
2008.00   9.2657618
2008.10   9.2755487
2008.20   9.2853369
2008.30   9.2951250
2008.40   9.3049131
2008.50   9.3153700
2008.60   9.3251465
2008.70   9.3356030
2008.80   9.3460639
2008.90   9.3565157
2009.00   9.3669727
2009.10   9.3773935
2009.20   9.3878260
2009.30   9.3986947
2009.40   9.4093565
2009.50   9.4204162
2009.60   9.4308701
2009.70   9.4419682
2009.80   9.4530070
2009.90   9.4638670
2010.00   9.4747253
2010.10   9.4856856
2010.20   9.4967786
2010.30   9.5078861
2010.40   9.5188437
2010.50   9.5297096
2010.60   9.5405627
2010.70   9.5520888
2010.80   9.5629680
2010.90   9.5738211
2011.00   9.5848899
2011.10   9.5955434
2011.20   9.6064121
2011.30   9.6175128
2011.40   9.6281439
2011.50   9.6390350
2011.60   9.6498558
2011.70   9.6605542
2011.80   9.6709897
2011.90   9.6814156
2012.00   9.6918429
2012.10   9.7022881
2012.20   9.7127444
2012.30   9.7232128
2012.40   9.7329890
2012.50   9.7431112
2012.60   9.7532342
2012.70   9.7630104
2012.80   9.7728102
2012.90   9.7825980
2013.00   9.7917058
2013.10   9.8014647
2013.20   9.8105542
2013.30   9.8196532
2013.40   9.8287459
2013.50   9.8378295
2013.60   9.8464509
2013.70   9.8551083
2013.80   9.8637682
2013.90   9.8721954
2014.00   9.8804111
2014.10   9.8884025
2014.20   9.8963858
2014.30   9.9043838
2014.40   9.9117002
2014.50   9.9190144
2014.60   9.9263357
2014.70   9.9336517
2014.80   9.9406441
2014.90   9.9476284
2015.00   9.9542774
2015.10   9.9606265
2015.20   9.9668425
2015.30   9.9728962
2015.40   9.9788803
2015.50   9.9848246
2015.60   9.9903709
2015.70   9.9954844
2015.80   10.000802
2015.90   10.005684
2016.00   10.010561
2016.10   10.015455
2016.20   10.019678
2016.30   10.023906
2016.40   10.028131
2016.50   10.031683
2016.60   10.035240
2016.70   10.038850
2016.80   10.041966
2016.90   10.045082
2017.00   10.048197
2017.10   10.050635
2017.20   10.053073
2017.30   10.054947
2017.40   10.057287
2017.50   10.059059
2017.60   10.060294
2017.70   10.061932
2017.80   10.062969
2017.90   10.064139
2018.00   10.065242
